99.5556765915152
95.6362976990949
92.8042436700549
90.0339514654774
86.7630994763148
83.203554039151
79.755120759402
76.523770821319
73.3273291685386
69.9821331311874
66.5443623704499
63.2226180704343
59.9995058230725
56.701736419225
53.4422308376946
50.3489418154894
47.3167315702448
44.3078531523251
41.4562667270421
38.7964291024135
36.217237869265
33.8354644247496
31.8155696292415
30.0983061078337
28.5144249925939
26.9701599579802
25.5905514917065
24.5287910397617
23.8106315523945
23.2383655161543
