96.1702682643663
93.4921646268142
90.7728687914468
87.5516752873691
84.0662270426065
80.6815064287688
77.4816395931764
74.2953687251383
70.9554405749425
67.5207378133687
64.1947104116507
60.9581562982722
57.6406862470503
54.3581015154289
51.23888812477
48.1774810900896
45.1363606802396
42.2503354999172
39.5545779751642
36.9383085471102
34.518501639679
32.4599447750579
30.703796773209
29.0811529994735
27.4984987432849
26.0810982402224
24.9823830381687
24.2283419678036
23.6214607689953
22.9815478673835
