89.8420899766812
86.0711846718392
82.5028117963448
78.6800327441937
74.7918667224771
71.160817289461
67.7651880444399
64.363221639847
60.9017088283709
57.5656206989242
54.3708807562487
51.1593782235122
48.0269408953476
45.0820286680245
42.2150780423443
39.3912214267778
36.7433636702616
34.3004092033992
31.9462966166178
29.7954731144837
28.010925171739
26.5311984029994
25.184435867033
23.8747256010904
22.7255228221905
21.8885818142265
21.3882039723713
21.0254069052719
20.6189353124809
20.1915158966866
