2026 04  2026.286 :   90.9     0
2026 05  2026.371 :   87.6     0
2026 06  2026.453 :   84.1     0
2026 07  2026.538 :   79.7   5.6
2026 08  2026.623 :   76.3   6.1
2026 09  2026.705 :   78.0   6.7
2026 10  2026.790 :   75.7   7.5
2026 11  2026.873 :   73.4   8.2
2026 12  2026.958 :   70.8   8.6
2027 01  2027.042 :   68.0   9.0
2027 02  2027.122 :   65.0   9.2
2027 03  2027.204 :   62.5   9.6
2027 04  2027.286 :   60.5   9.9
2027 05  2027.371 :   58.6  10.2
2027 06  2027.453 :   56.9  10.5
2027 07  2027.538 :   55.4  10.7
2027 08  2027.623 :   53.6  10.7
2027 09  2027.705 :   51.4  10.6
