2026 04  2026.292 :   95.4     0
2026 05  2026.375 :   94.9     0
2026 06  2026.458 :   94.0     0
2026 07  2026.542 :   87.8   5.8
2026 08  2026.625 :   85.4   6.3
2026 09  2026.708 :   83.7   7.1
2026 10  2026.792 :   83.2   8.1
2026 11  2026.875 :   82.5   8.9
2026 12  2026.958 :   81.7   9.7
2027 01  2027.042 :   80.5  10.3
2027 02  2027.125 :   79.1  10.8
2027 03  2027.208 :   78.0  11.4
2027 04  2027.292 :   77.2  12.0
2027 05  2027.375 :   74.9  12.3
2027 06  2027.458 :   72.9  12.5
2027 07  2027.542 :   71.1  12.8
2027 08  2027.625 :   69.3  13.0
2027 09  2027.708 :   67.3  13.1
