2026 04  2026.292 :   93.9     0
2026 05  2026.375 :   89.8     0
2026 06  2026.458 :   87.9     0
2026 07  2026.542 :   84.2   5.7
2026 08  2026.625 :   81.4   6.1
2026 09  2026.708 :   78.6   6.7
2026 10  2026.792 :   76.3   7.5
2026 11  2026.875 :   73.6   8.1
2026 12  2026.958 :   71.0   8.6
2027 01  2027.042 :   68.2   9.0
2027 02  2027.125 :   65.5   9.3
2027 03  2027.208 :   62.9   9.5
2027 04  2027.292 :   60.5   9.8
2027 05  2027.375 :   58.0   9.9
2027 06  2027.458 :   55.7  10.0
2027 07  2027.542 :   53.5  10.1
2027 08  2027.625 :   51.5  10.2
2027 09  2027.708 :   49.5  10.3
