2026 04  2026.286 :  90.9   4.3
2026 05  2026.371 :  87.6   7.7
2026 06  2026.453 :  84.1  10.2
2026 07  2026.538 :  80.9  12.2
2026 08  2026.623 :  78.5  14.8
2026 09  2026.705 :  76.4  17.4
2026 10  2026.790 :  74.2  20.4
2026 11  2026.873 :  71.7  22.9
2026 12  2026.958 :  68.9  23.8
2027 01  2027.042 :  65.9  24.2
2027 02  2027.122 :  62.7  26.2
2027 03  2027.204 :  60.7  28.4
2027 04  2027.286 :  59.3  30.5
2027 05  2027.371 :  57.5  32.0
2027 06  2027.453 :  56.0  32.6
2027 07  2027.538 :  54.5  32.8
2027 08  2027.623 :  52.3  32.2
2027 09  2027.705 :  49.6  32.6
