2026 04  2026.292 :  90.8  11.1
2026 05  2026.375 :  85.1  13.9
2026 06  2026.458 :  83.8  16.7
2026 07  2026.542 :  81.7  19.4
2026 08  2026.625 :  79.5  22.2
2026 09  2026.708 :  77.1  25.0
2026 10  2026.792 :  74.6  27.8
2026 11  2026.875 :  71.6  30.6
2026 12  2026.958 :  68.8  33.3
2027 01  2027.042 :  65.9  36.1
2027 02  2027.125 :  63.2  38.9
2027 03  2027.208 :  60.6  41.7
2027 04  2027.292 :  58.3  44.4
2027 05  2027.375 :  55.8  47.2
2027 06  2027.458 :  53.6  50.0
2027 07  2027.542 :  51.5  52.8
2027 08  2027.625 :  49.5  55.6
2027 09  2027.708 :  47.7  58.3
