2026 04  2026.292 :  91.6  18.3
2026 05  2026.375 :  91.1  18.2
2026 06  2026.458 :  90.1  18.0
2026 07  2026.542 :  88.7  17.7
2026 08  2026.625 :  88.0  17.6
2026 09  2026.708 :  87.9  17.6
2026 10  2026.792 :  87.7  17.5
2026 11  2026.875 :  86.9  17.4
2026 12  2026.958 :  86.0  17.2
2027 01  2027.042 :  84.6  16.9
2027 02  2027.125 :  83.0  16.6
2027 03  2027.208 :  82.3  16.5
2027 04  2027.292 :  82.1  16.4
2027 05  2027.375 :  80.0  16.0
2027 06  2027.458 :  78.1  15.6
2027 07  2027.542 :  76.2  15.2
2027 08  2027.625 :  74.4  14.9
2027 09  2027.708 :  71.8  14.4
