2026 02  2026.125 :  102.0     0
2026 03  2026.208 :   96.9     0
2026 04  2026.292 :   90.9     0
2026 05  2026.375 :   90.8   5.8
2026 06  2026.458 :   89.1   6.2
2026 07  2026.542 :   87.0   6.9
2026 08  2026.625 :   85.0   7.9
2026 09  2026.708 :   82.7   8.6
2026 10  2026.792 :   80.4   9.2
2026 11  2026.875 :   77.7   9.7
2026 12  2026.958 :   75.0  10.0
2027 01  2027.042 :   72.2  10.3
2027 02  2027.125 :   69.5  10.5
2027 03  2027.208 :   66.8  10.7
2027 04  2027.292 :   64.3  10.8
2027 05  2027.375 :   61.8  10.9
2027 06  2027.458 :   59.4  11.0
2027 07  2027.542 :   57.2  11.1
