2026 02  2026.125 :  104.1     0
2026 03  2026.208 :  102.6     0
2026 04  2026.292 :   99.1     0
2026 05  2026.375 :   96.0   6.1
2026 06  2026.458 :   94.3   6.6
2026 07  2026.542 :   92.3   7.3
2026 08  2026.625 :   91.0   8.3
2026 09  2026.708 :   90.0   9.3
2026 10  2026.792 :   89.2  10.1
2026 11  2026.875 :   88.0  10.8
2026 12  2026.958 :   86.8  11.4
2027 01  2027.042 :   85.3  11.9
2027 02  2027.125 :   83.5  12.3
2027 03  2027.208 :   80.4  12.5
2027 04  2027.292 :   77.8  12.7
2027 05  2027.375 :   75.5  13.0
2027 06  2027.458 :   73.4  13.2
2027 07  2027.542 :   71.6  13.4
