2026 02  2026.122 :  101.6     0
2026 03  2026.204 :   98.2     0
2026 04  2026.286 :   94.5     0
2026 05  2026.371 :   89.9   5.9
2026 06  2026.453 :   86.5   6.3
2026 07  2026.538 :   86.0   6.9
2026 08  2026.623 :   83.2   7.8
2026 09  2026.705 :   80.7   8.6
2026 10  2026.790 :   78.3   9.2
2026 11  2026.873 :   75.8   9.7
2026 12  2026.958 :   73.1  10.0
2027 01  2027.042 :   70.1  10.3
2027 02  2027.122 :   66.9  10.4
2027 03  2027.204 :   64.2  10.6
2027 04  2027.286 :   62.2  11.0
2027 05  2027.371 :   60.3  11.2
2027 06  2027.453 :   58.6  11.4
2027 07  2027.538 :   57.1  11.6
