2026 02  2026.122 : 101.6   5.1
2026 03  2026.204 :  98.2   7.5
2026 04  2026.286 :  94.5   9.2
2026 05  2026.371 :  91.1  11.1
2026 06  2026.453 :  87.4  12.9
2026 07  2026.538 :  84.1  14.9
2026 08  2026.623 :  81.7  17.3
2026 09  2026.705 :  79.5  19.6
2026 10  2026.790 :  77.2  21.8
2026 11  2026.873 :  74.5  23.6
2026 12  2026.958 :  71.5  24.0
2027 01  2027.042 :  68.3  23.8
2027 02  2027.122 :  65.0  25.0
2027 03  2027.204 :  62.7  26.9
2027 04  2027.286 :  61.3  29.1
2027 05  2027.371 :  59.5  30.9
2027 06  2027.453 :  58.1  31.7
2027 07  2027.538 :  56.7  32.1
