2026 02  2026.125 : 102.4  20.5
2026 03  2026.208 : 102.5  20.5
2026 04  2026.292 : 101.5  20.3
2026 05  2026.375 : 100.5  20.1
2026 06  2026.458 :  98.9  19.8
2026 07  2026.542 :  97.0  19.4
2026 08  2026.625 :  95.8  19.2
2026 09  2026.708 :  95.2  19.0
2026 10  2026.792 :  94.5  18.9
2026 11  2026.875 :  93.1  18.6
2026 12  2026.958 :  91.7  18.3
2027 01  2027.042 :  89.8  18.0
2027 02  2027.125 :  87.7  17.5
2027 03  2027.208 :  84.6  16.9
2027 04  2027.292 :  82.1  16.4
2027 05  2027.375 :  80.0  16.0
2027 06  2027.458 :  78.1  15.6
2027 07  2027.542 :  76.2  15.2
