2026 02  2026.125 :  98.9  11.1
2026 03  2026.208 :  95.4  13.9
2026 04  2026.292 :  89.3  16.7
2026 05  2026.375 :  87.4  19.4
2026 06  2026.458 :  85.2  22.2
2026 07  2026.542 :  83.2  25.0
2026 08  2026.625 :  81.0  27.8
2026 09  2026.708 :  78.6  30.6
2026 10  2026.792 :  76.1  33.3
2026 11  2026.875 :  73.1  36.1
2026 12  2026.958 :  70.3  38.9
2027 01  2027.042 :  67.4  41.7
2027 02  2027.125 :  64.7  44.4
2027 03  2027.208 :  62.1  47.2
2027 04  2027.292 :  59.7  50.0
2027 05  2027.375 :  57.2  52.8
2027 06  2027.458 :  55.0  55.6
2027 07  2027.542 :  52.9  58.3
