2026 03  2026.208 :  100.1     0
2026 04  2026.292 :   98.0     0
2026 05  2026.375 :   96.7     0
2026 06  2026.458 :   92.8   6.0
2026 07  2026.542 :   90.5   6.5
2026 08  2026.625 :   88.7   7.2
2026 09  2026.708 :   87.9   8.3
2026 10  2026.792 :   87.3   9.2
2026 11  2026.875 :   86.3  10.0
2026 12  2026.958 :   85.3  10.6
2027 01  2027.042 :   83.9  11.2
2027 02  2027.125 :   82.3  11.7
2027 03  2027.208 :   81.0  12.2
2027 04  2027.292 :   78.3  12.5
2027 05  2027.375 :   75.9  12.7
2027 06  2027.458 :   73.9  13.0
2027 07  2027.542 :   72.0  13.2
2027 08  2027.625 :   70.3  13.4
