2026 03  2026.204 :   96.4     0
2026 04  2026.286 :   92.8     0
2026 05  2026.371 :   89.4     0
2026 06  2026.453 :   86.1   5.8
2026 07  2026.538 :   82.2   6.2
2026 08  2026.623 :   82.8   6.8
2026 09  2026.705 :   80.3   7.7
2026 10  2026.790 :   78.0   8.5
2026 11  2026.873 :   75.5   9.0
2026 12  2026.958 :   72.8   9.4
2027 01  2027.042 :   69.9   9.7
2027 02  2027.122 :   66.8   9.9
2027 03  2027.204 :   64.2  10.2
2027 04  2027.286 :   62.1  10.6
2027 05  2027.371 :   60.2  10.8
2027 06  2027.453 :   58.5  11.1
2027 07  2027.538 :   57.0  11.3
2027 08  2027.623 :   55.2  11.3
