2026 03  2026.208 :   97.9     0
2026 04  2026.292 :   93.1     0
2026 05  2026.375 :   89.0     0
2026 06  2026.458 :   87.9   5.7
2026 07  2026.542 :   85.8   6.2
2026 08  2026.625 :   83.5   6.8
2026 09  2026.708 :   81.2   7.7
2026 10  2026.792 :   78.9   8.4
2026 11  2026.875 :   76.2   8.9
2026 12  2026.958 :   73.5   9.4
2027 01  2027.042 :   70.6   9.7
2027 02  2027.125 :   67.8   9.9
2027 03  2027.208 :   65.2  10.2
2027 04  2027.292 :   62.7  10.3
2027 05  2027.375 :   60.2  10.4
2027 06  2027.458 :   57.9  10.6
2027 07  2027.542 :   55.6  10.7
2027 08  2027.625 :   53.5  10.7
