2026 03  2026.204 :  96.4   3.6
2026 04  2026.286 :  92.8   6.9
2026 05  2026.371 :  89.4   9.3
2026 06  2026.453 :  85.8  11.1
2026 07  2026.538 :  82.5  12.9
2026 08  2026.623 :  80.1  15.6
2026 09  2026.705 :  78.0  18.2
2026 10  2026.790 :  75.8  21.0
2026 11  2026.873 :  73.2  23.4
2026 12  2026.958 :  70.3  24.0
2027 01  2027.042 :  67.2  24.1
2027 02  2027.122 :  64.0  25.8
2027 03  2027.204 :  61.8  27.8
2027 04  2027.286 :  60.4  29.9
2027 05  2027.371 :  58.6  31.6
2027 06  2027.453 :  57.2  32.3
2027 07  2027.538 :  55.8  32.7
2027 08  2027.623 :  53.6  32.2
