2026 03  2026.208 :  94.4  11.1
2026 04  2026.292 :  91.5  13.9
2026 05  2026.375 :  86.1  16.7
2026 06  2026.458 :  83.9  19.4
2026 07  2026.542 :  81.9  22.2
2026 08  2026.625 :  79.7  25.0
2026 09  2026.708 :  77.3  27.8
2026 10  2026.792 :  74.8  30.6
2026 11  2026.875 :  71.8  33.3
2026 12  2026.958 :  69.0  36.1
2027 01  2027.042 :  66.1  38.9
2027 02  2027.125 :  63.3  41.7
2027 03  2027.208 :  60.8  44.4
2027 04  2027.292 :  58.4  47.2
2027 05  2027.375 :  55.9  50.0
2027 06  2027.458 :  53.8  52.8
2027 07  2027.542 :  51.7  55.6
2027 08  2027.625 :  49.7  58.3
