2026 03  2026.208 :  97.0  19.4
2026 04  2026.292 :  96.4  19.3
2026 05  2026.375 :  95.6  19.1
2026 06  2026.458 :  94.4  18.9
2026 07  2026.542 :  92.8  18.6
2026 08  2026.625 :  91.9  18.4
2026 09  2026.708 :  91.6  18.3
2026 10  2026.792 :  91.2  18.2
2026 11  2026.875 :  90.1  18.0
2026 12  2026.958 :  89.0  17.8
2027 01  2027.042 :  87.4  17.5
2027 02  2027.125 :  85.6  17.1
2027 03  2027.208 :  84.6  16.9
2027 04  2027.292 :  82.1  16.4
2027 05  2027.375 :  80.0  16.0
2027 06  2027.458 :  78.1  15.6
2027 07  2027.542 :  76.2  15.2
2027 08  2027.625 :  74.4  14.9
